(kicad_pcb (version 20171130) (host pcbnew 5.1.4)

  (general
    (thickness 1.6)
    (drawings 20)
    (tracks 182)
    (zones 0)
    (modules 25)
    (nets 62)
  )

  (page A4)
  (layers
    (0 F.Cu signal)
    (31 B.Cu signal)
    (32 B.Adhes user)
    (33 F.Adhes user)
    (34 B.Paste user)
    (35 F.Paste user)
    (36 B.SilkS user)
    (37 F.SilkS user)
    (38 B.Mask user)
    (39 F.Mask user)
    (40 Dwgs.User user)
    (41 Cmts.User user)
    (42 Eco1.User user)
    (43 Eco2.User user)
    (44 Edge.Cuts user)
    (45 Margin user)
    (46 B.CrtYd user)
    (47 F.CrtYd user)
    (48 B.Fab user)
    (49 F.Fab user)
  )

  (setup
    (last_trace_width 1)
    (user_trace_width 0.5)
    (user_trace_width 0.75)
    (user_trace_width 1)
    (trace_clearance 0.2)
    (zone_clearance 0.508)
    (zone_45_only no)
    (trace_min 0.2)
    (via_size 0.8)
    (via_drill 0.4)
    (via_min_size 0.4)
    (via_min_drill 0.3)
    (uvia_size 0.3)
    (uvia_drill 0.1)
    (uvias_allowed no)
    (uvia_min_size 0.2)
    (uvia_min_drill 0.1)
    (edge_width 0.05)
    (segment_width 0.2)
    (pcb_text_width 0.3)
    (pcb_text_size 1.5 1.5)
    (mod_edge_width 0.12)
    (mod_text_size 1 1)
    (mod_text_width 0.15)
    (pad_size 0.804 0.804)
    (pad_drill 0.5)
    (pad_to_mask_clearance 0.051)
    (solder_mask_min_width 0.25)
    (aux_axis_origin 0 0)
    (visible_elements FFFFFF7F)
    (pcbplotparams
      (layerselection 0x010fc_ffffffff)
      (usegerberextensions false)
      (usegerberattributes false)
      (usegerberadvancedattributes false)
      (creategerberjobfile false)
      (excludeedgelayer true)
      (linewidth 0.100000)
      (plotframeref false)
      (viasonmask false)
      (mode 1)
      (useauxorigin false)
      (hpglpennumber 1)
      (hpglpenspeed 20)
      (hpglpendiameter 15.000000)
      (psnegative false)
      (psa4output false)
      (plotreference true)
      (plotvalue true)
      (plotinvisibletext false)
      (padsonsilk false)
      (subtractmaskfromsilk false)
      (outputformat 1)
      (mirror false)
      (drillshape 1)
      (scaleselection 1)
      (outputdirectory ""))
  )

  (net 0 "")
  (net 1 GND)
  (net 2 +3V3)
  (net 3 "Net-(C2-Pad1)")
  (net 4 "Net-(C7-Pad1)")
  (net 5 "Net-(U2-Pad7)")
  (net 6 "Net-(D1-Pad2)")
  (net 7 "Net-(D1-Pad1)")
  (net 8 "Net-(D2-Pad1)")
  (net 9 "Net-(D2-Pad2)")
  (net 10 "Net-(D3-Pad1)")
  (net 11 "Net-(D3-Pad2)")
  (net 12 "Net-(D4-Pad2)")
  (net 13 "Net-(D4-Pad1)")
  (net 14 "Net-(J1-Pad2)")
  (net 15 "Net-(SW1-Pad2)")
  (net 16 "Net-(SW2-Pad2)")
  (net 17 CS1:2)
  (net 18 SCK1)
  (net 19 MOSI1)
  (net 20 MISO1)
  (net 21 "Net-(U1-Pad7)")
  (net 22 "Net-(U1-Pad12)")
  (net 23 "Net-(U1-Pad13)")
  (net 24 "Net-(U1-Pad14)")
  (net 25 "Net-(U2-Pad18)")
  (net 26 "Net-(U2-Pad19)")
  (net 27 "Net-(U2-Pad15)")
  (net 28 "Net-(U2-Pad21)")
  (net 29 "Net-(U2-Pad22)")
  (net 30 "Net-(U2-Pad23)")
  (net 31 "Net-(U2-Pad24)")
  (net 32 "Net-(U2-Pad25)")
  (net 33 "Net-(U2-Pad26)")
  (net 34 "Net-(U2-Pad33)")
  (net 35 "Net-(U2-Pad34)")
  (net 36 CS1:1)
  (net 37 TX1)
  (net 38 RX1)
  (net 39 "Net-(U2-Pad8)")
  (net 40 "Net-(U2-Pad6)")
  (net 41 "Net-(U2-Pad5)")
  (net 42 "Net-(U2-Pad4)")
  (net 43 "Net-(U2-Pad3)")
  (net 44 "Net-(U2-Pad2)")
  (net 45 MISO2)
  (net 46 MOSI2)
  (net 47 SCK2)
  (net 48 CS2)
  (net 49 "Net-(U3-Pad7)")
  (net 50 "Net-(U3-Pad11)")
  (net 51 "Net-(U3-Pad12)")
  (net 52 "Net-(U3-Pad14)")
  (net 53 "Net-(U3-Pad15)")
  (net 54 "Net-(U3-Pad16)")
  (net 55 "Net-(U4-Pad2)")
  (net 56 "Net-(U4-Pad3)")
  (net 57 "Net-(U4-Pad7)")
  (net 58 "Net-(U4-Pad8)")
  (net 59 "Net-(U4-Pad9)")
  (net 60 "Net-(U4-Pad12)")
  (net 61 "Net-(U4-Pad19)")

  (net_class Default "This is the default net class."
    (clearance 0.2)
    (trace_width 0.25)
    (via_dia 0.8)
    (via_drill 0.4)
    (uvia_dia 0.3)
    (uvia_drill 0.1)
    (add_net +3V3)
    (add_net CS1:1)
    (add_net CS1:2)
    (add_net CS2)
    (add_net GND)
    (add_net MISO1)
    (add_net MISO2)
    (add_net MOSI1)
    (add_net MOSI2)
    (add_net "Net-(C2-Pad1)")
    (add_net "Net-(C7-Pad1)")
    (add_net "Net-(D1-Pad1)")
    (add_net "Net-(D1-Pad2)")
    (add_net "Net-(D2-Pad1)")
    (add_net "Net-(D2-Pad2)")
    (add_net "Net-(D3-Pad1)")
    (add_net "Net-(D3-Pad2)")
    (add_net "Net-(D4-Pad1)")
    (add_net "Net-(D4-Pad2)")
    (add_net "Net-(J1-Pad2)")
    (add_net "Net-(SW1-Pad2)")
    (add_net "Net-(SW2-Pad2)")
    (add_net "Net-(U1-Pad12)")
    (add_net "Net-(U1-Pad13)")
    (add_net "Net-(U1-Pad14)")
    (add_net "Net-(U1-Pad7)")
    (add_net "Net-(U2-Pad15)")
    (add_net "Net-(U2-Pad18)")
    (add_net "Net-(U2-Pad19)")
    (add_net "Net-(U2-Pad2)")
    (add_net "Net-(U2-Pad21)")
    (add_net "Net-(U2-Pad22)")
    (add_net "Net-(U2-Pad23)")
    (add_net "Net-(U2-Pad24)")
    (add_net "Net-(U2-Pad25)")
    (add_net "Net-(U2-Pad26)")
    (add_net "Net-(U2-Pad3)")
    (add_net "Net-(U2-Pad33)")
    (add_net "Net-(U2-Pad34)")
    (add_net "Net-(U2-Pad4)")
    (add_net "Net-(U2-Pad5)")
    (add_net "Net-(U2-Pad6)")
    (add_net "Net-(U2-Pad7)")
    (add_net "Net-(U2-Pad8)")
    (add_net "Net-(U3-Pad11)")
    (add_net "Net-(U3-Pad12)")
    (add_net "Net-(U3-Pad14)")
    (add_net "Net-(U3-Pad15)")
    (add_net "Net-(U3-Pad16)")
    (add_net "Net-(U3-Pad7)")
    (add_net "Net-(U4-Pad12)")
    (add_net "Net-(U4-Pad19)")
    (add_net "Net-(U4-Pad2)")
    (add_net "Net-(U4-Pad3)")
    (add_net "Net-(U4-Pad7)")
    (add_net "Net-(U4-Pad8)")
    (add_net "Net-(U4-Pad9)")
    (add_net RX1)
    (add_net SCK1)
    (add_net SCK2)
    (add_net TX1)
  )

  (module footprints:Teensy40 (layer F.Cu) (tedit 5D9F226B) (tstamp 5D9F9987)
    (at 76.2 73.66 90)
    (path /5D9ED16F)
    (fp_text reference U2 (at 0 -10.16 90) (layer F.SilkS)
      (effects (font (size 1 1) (thickness 0.15)))
    )
    (fp_text value Teensy4.0 (at 0 10.16 90) (layer F.Fab)
      (effects (font (size 1 1) (thickness 0.15)))
    )
    (fp_line (start 16.51 -8.6) (end 16.51 8.6) (layer Dwgs.User) (width 0.12))
    (fp_poly (pts (xy -9.5 3.25) (xy -7.5 3.25) (xy -7.5 3.75) (xy -9.5 3.75)) (layer Eco1.User) (width 0.1))
    (fp_poly (pts (xy -9.5 2.25) (xy -7.5 2.25) (xy -7.5 2.75) (xy -9.5 2.75)) (layer Eco1.User) (width 0.1))
    (fp_poly (pts (xy -9.5 1.25) (xy -7.5 1.25) (xy -7.5 1.75) (xy -9.5 1.75)) (layer Eco1.User) (width 0.1))
    (fp_poly (pts (xy -9.5 0.25) (xy -7.5 0.25) (xy -7.5 0.75) (xy -9.5 0.75)) (layer Eco1.User) (width 0.1))
    (fp_poly (pts (xy -9.5 -0.75) (xy -7.5 -0.75) (xy -7.5 -0.25) (xy -9.5 -0.25)) (layer Eco1.User) (width 0.1))
    (fp_poly (pts (xy -9.5 -1.75) (xy -7.5 -1.75) (xy -7.5 -1.25) (xy -9.5 -1.25)) (layer Eco1.User) (width 0.1))
    (fp_poly (pts (xy -9.5 -2.75) (xy -7.5 -2.75) (xy -7.5 -2.25) (xy -9.5 -2.25)) (layer Eco1.User) (width 0.1))
    (fp_poly (pts (xy -9.5 -3.75) (xy -7.5 -3.75) (xy -7.5 -3.25) (xy -9.5 -3.25)) (layer Eco1.User) (width 0.1))
    (fp_poly (pts (xy -17.272 -0.762) (xy -14.732 -0.762) (xy -14.732 -1.778) (xy -17.272 -1.778)) (layer Eco1.User) (width 0.1))
    (fp_poly (pts (xy -17.272 1.778) (xy -14.732 1.778) (xy -14.732 0.762) (xy -17.272 0.762)) (layer Eco1.User) (width 0.1))
    (fp_poly (pts (xy 6.858 5.588) (xy 9.398 5.588) (xy 9.398 4.572) (xy 6.858 4.572)) (layer Eco1.User) (width 0.1))
    (fp_poly (pts (xy 6.858 3.048) (xy 9.398 3.048) (xy 9.398 2.032) (xy 6.858 2.032)) (layer Eco1.User) (width 0.1))
    (fp_poly (pts (xy 6.858 0.508) (xy 9.398 0.508) (xy 9.398 -0.508) (xy 6.858 -0.508)) (layer Eco1.User) (width 0.1))
    (fp_poly (pts (xy 6.858 -2.032) (xy 9.398 -2.032) (xy 9.398 -3.048) (xy 6.858 -3.048)) (layer Eco1.User) (width 0.1))
    (fp_poly (pts (xy 6.858 -4.572) (xy 9.398 -4.572) (xy 9.398 -5.588) (xy 6.858 -5.588)) (layer Eco1.User) (width 0.1))
    (fp_poly (pts (xy 10.922 -4.572) (xy 13.462 -4.572) (xy 13.462 -5.588) (xy 10.922 -5.588)) (layer Eco1.User) (width 0.1))
    (fp_poly (pts (xy 10.922 -2.032) (xy 13.462 -2.032) (xy 13.462 -3.048) (xy 10.922 -3.048)) (layer Eco1.User) (width 0.1))
    (fp_poly (pts (xy 10.922 0.508) (xy 13.462 0.508) (xy 13.462 -0.508) (xy 10.922 -0.508)) (layer Eco1.User) (width 0.1))
    (fp_poly (pts (xy 10.922 3.048) (xy 13.462 3.048) (xy 13.462 2.032) (xy 10.922 2.032)) (layer Eco1.User) (width 0.1))
    (fp_poly (pts (xy 10.922 5.588) (xy 13.462 5.588) (xy 13.462 4.572) (xy 10.922 4.572)) (layer Eco1.User) (width 0.1))
    (fp_line (start 13.97 8.6) (end 13.97 -8.6) (layer Dwgs.User) (width 0.12))
    (fp_line (start 16.51 8.6) (end 13.97 8.6) (layer Dwgs.User) (width 0.12))
    (fp_line (start 13.97 -8.6) (end 16.51 -8.6) (layer Dwgs.User) (width 0.12))
    (fp_line (start 11.43 -8.6) (end 8.89 -8.6) (layer Dwgs.User) (width 0.12))
    (fp_line (start 11.43 8.6) (end 11.43 -8.6) (layer Dwgs.User) (width 0.12))
    (fp_line (start 8.89 8.6) (end 11.43 8.6) (layer Dwgs.User) (width 0.12))
    (fp_line (start 8.89 -8.6) (end 8.89 8.6) (layer Dwgs.User) (width 0.12))
    (fp_line (start 7 -7.64) (end 7 7.6) (layer Dwgs.User) (width 0.12))
    (fp_line (start -9.39 -7.62) (end 7 -7.6) (layer Dwgs.User) (width 0.12))
    (fp_line (start -9.39 7.62) (end 7 7.62) (layer Dwgs.User) (width 0.12))
    (fp_line (start -9.39 -7.62) (end -9.39 7.62) (layer Dwgs.User) (width 0.12))
    (fp_line (start -17.78 -7.62) (end -17.78 7.62) (layer Dwgs.User) (width 0.12))
    (fp_line (start -17.78 7.62) (end -15.875 7.62) (layer Dwgs.User) (width 0.12))
    (fp_line (start -17.78 -7.62) (end -15.875 -7.62) (layer Dwgs.User) (width 0.12))
    (fp_line (start -15.875 -7.62) (end -15.875 7.62) (layer Dwgs.User) (width 0.15))
    (fp_line (start -19.05 3.81) (end -17.78 3.81) (layer F.SilkS) (width 0.15))
    (fp_line (start -19.05 -3.81) (end -19.05 3.81) (layer F.SilkS) (width 0.15))
    (fp_line (start -17.78 -3.81) (end -19.05 -3.81) (layer F.SilkS) (width 0.15))
    (fp_line (start 17.78 -8.89) (end -17.78 -8.89) (layer F.SilkS) (width 0.15))
    (fp_line (start 17.78 8.89) (end 17.78 -8.89) (layer F.SilkS) (width 0.15))
    (fp_line (start -17.78 8.89) (end 17.78 8.89) (layer F.SilkS) (width 0.15))
    (fp_line (start -17.78 -8.89) (end -17.78 8.89) (layer F.SilkS) (width 0.15))
    (fp_text user MIMXRT1062 (at 0.254 0) (layer F.SilkS)
      (effects (font (size 0.7 0.7) (thickness 0.15)))
    )
    (fp_text user DVL6A (at 1.778 0) (layer F.SilkS)
      (effects (font (size 0.7 0.7) (thickness 0.15)))
    )
    (pad 13 thru_hole circle (at 13.97 7.62 90) (size 1.404 1.404) (drill 1.1) (layers *.Cu *.Mask)
      (net 19 MOSI1))
    (pad 33 thru_hole circle (at -16.51 -7.62 90) (size 1.404 1.404) (drill 1.1) (layers *.Cu *.Mask)
      (net 34 "Net-(U2-Pad33)"))
    (pad 34 thru_hole circle (at -13.97 -5.08 90) (size 1.404 1.404) (drill 1.1) (layers *.Cu *.Mask)
      (net 35 "Net-(U2-Pad34)"))
    (pad 32 thru_hole circle (at -13.97 -7.62 90) (size 1.404 1.404) (drill 1.1) (layers *.Cu *.Mask)
      (net 1 GND))
    (pad 31 thru_hole circle (at -11.43 -7.62 90) (size 1.404 1.404) (drill 1.1) (layers *.Cu *.Mask)
      (net 2 +3V3))
    (pad 30 thru_hole circle (at -8.89 -7.62 90) (size 1.404 1.404) (drill 1.1) (layers *.Cu *.Mask)
      (net 12 "Net-(D4-Pad2)"))
    (pad 29 thru_hole circle (at -6.35 -7.62 90) (size 1.404 1.404) (drill 1.1) (layers *.Cu *.Mask)
      (net 11 "Net-(D3-Pad2)"))
    (pad 28 thru_hole circle (at -3.81 -7.62 90) (size 1.404 1.404) (drill 1.1) (layers *.Cu *.Mask)
      (net 9 "Net-(D2-Pad2)"))
    (pad 27 thru_hole circle (at -1.27 -7.62 90) (size 1.404 1.404) (drill 1.1) (layers *.Cu *.Mask)
      (net 6 "Net-(D1-Pad2)"))
    (pad 26 thru_hole circle (at 1.27 -7.62 90) (size 1.404 1.404) (drill 1.1) (layers *.Cu *.Mask)
      (net 33 "Net-(U2-Pad26)"))
    (pad 25 thru_hole circle (at 3.81 -7.62 90) (size 1.404 1.404) (drill 1.1) (layers *.Cu *.Mask)
      (net 32 "Net-(U2-Pad25)"))
    (pad 24 thru_hole circle (at 6.35 -7.62 90) (size 1.404 1.404) (drill 1.1) (layers *.Cu *.Mask)
      (net 31 "Net-(U2-Pad24)"))
    (pad 23 thru_hole circle (at 8.89 -7.62 90) (size 1.404 1.404) (drill 1.1) (layers *.Cu *.Mask)
      (net 30 "Net-(U2-Pad23)"))
    (pad 22 thru_hole circle (at 11.43 -7.62 90) (size 1.404 1.404) (drill 1.1) (layers *.Cu *.Mask)
      (net 29 "Net-(U2-Pad22)"))
    (pad 21 thru_hole circle (at 13.97 -7.62 90) (size 1.404 1.404) (drill 1.1) (layers *.Cu *.Mask)
      (net 28 "Net-(U2-Pad21)"))
    (pad 20 thru_hole circle (at 16.51 -7.62 90) (size 1.404 1.404) (drill 1.1) (layers *.Cu *.Mask)
      (net 18 SCK1))
    (pad 19 thru_hole circle (at 16.51 -5.08 90) (size 1.404 1.404) (drill 1.1) (layers *.Cu *.Mask)
      (net 26 "Net-(U2-Pad19)"))
    (pad 18 thru_hole circle (at 16.51 -2.54 90) (size 1.404 1.404) (drill 1.1) (layers *.Cu *.Mask)
      (net 25 "Net-(U2-Pad18)"))
    (pad 17 thru_hole circle (at 16.51 0 90) (size 1.404 1.404) (drill 1.1) (layers *.Cu *.Mask)
      (net 1 GND))
    (pad 16 thru_hole circle (at 16.51 2.54 90) (size 1.404 1.404) (drill 1.1) (layers *.Cu *.Mask)
      (net 2 +3V3))
    (pad 15 thru_hole circle (at 16.51 5.08 90) (size 1.404 1.404) (drill 1.1) (layers *.Cu *.Mask)
      (net 27 "Net-(U2-Pad15)"))
    (pad 14 thru_hole circle (at 16.51 7.62 90) (size 1.404 1.404) (drill 1.1) (layers *.Cu *.Mask)
      (net 20 MISO1))
    (pad 12 thru_hole circle (at 11.43 7.62 90) (size 1.404 1.404) (drill 1.1) (layers *.Cu *.Mask)
      (net 36 CS1:1))
    (pad 11 thru_hole circle (at 8.89 7.62 90) (size 1.404 1.404) (drill 1.1) (layers *.Cu *.Mask)
      (net 17 CS1:2))
    (pad 10 thru_hole circle (at 6.35 7.62 90) (size 1.404 1.404) (drill 1.1) (layers *.Cu *.Mask)
      (net 37 TX1))
    (pad 9 thru_hole circle (at 3.81 7.62 90) (size 1.404 1.404) (drill 1.1) (layers *.Cu *.Mask)
      (net 38 RX1))
    (pad 8 thru_hole circle (at 1.27 7.62 90) (size 1.404 1.404) (drill 1.1) (layers *.Cu *.Mask)
      (net 39 "Net-(U2-Pad8)"))
    (pad 7 thru_hole circle (at -1.27 7.62 90) (size 1.404 1.404) (drill 1.1) (layers *.Cu *.Mask)
      (net 5 "Net-(U2-Pad7)"))
    (pad 6 thru_hole circle (at -3.81 7.62 90) (size 1.404 1.404) (drill 1.1) (layers *.Cu *.Mask)
      (net 40 "Net-(U2-Pad6)"))
    (pad 5 thru_hole circle (at -6.35 7.62 90) (size 1.404 1.404) (drill 1.1) (layers *.Cu *.Mask)
      (net 41 "Net-(U2-Pad5)"))
    (pad 4 thru_hole circle (at -8.89 7.62 90) (size 1.404 1.404) (drill 1.1) (layers *.Cu *.Mask)
      (net 42 "Net-(U2-Pad4)"))
    (pad 3 thru_hole circle (at -11.43 7.62 90) (size 1.404 1.404) (drill 1.1) (layers *.Cu *.Mask)
      (net 43 "Net-(U2-Pad3)"))
    (pad 54 thru_hole circle (at -15.875 1.27 90) (size 1.304 1.304) (drill 1) (layers *.Cu *.Mask))
    (pad 53 thru_hole circle (at -15.875 -1.27 90) (size 1.304 1.304) (drill 1) (layers *.Cu *.Mask))
    (pad 52 thru_hole circle (at -9.3716 3.5 90) (size 0.804 0.804) (drill 0.5) (layers *.Cu *.Mask)
      (net 45 MISO2))
    (pad 51 thru_hole circle (at -9.3716 2.5 90) (size 0.804 0.804) (drill 0.5) (layers *.Cu *.Mask)
      (net 46 MOSI2))
    (pad 50 thru_hole circle (at -9.3716 1.5 90) (size 0.804 0.804) (drill 0.5) (layers *.Cu *.Mask)
      (net 48 CS2))
    (pad 49 thru_hole circle (at -9.3716 0.5 90) (size 0.804 0.804) (drill 0.5) (layers *.Cu *.Mask)
      (net 47 SCK2))
    (pad 48 thru_hole circle (at -9.3716 -0.5 90) (size 0.804 0.804) (drill 0.5) (layers *.Cu *.Mask))
    (pad 47 thru_hole circle (at -9.3716 -1.5 90) (size 0.804 0.804) (drill 0.5) (layers *.Cu *.Mask))
    (pad 46 thru_hole circle (at -9.3716 -2.5 90) (size 0.804 0.804) (drill 0.5) (layers *.Cu *.Mask))
    (pad 45 thru_hole circle (at -9.3716 -3.5 90) (size 0.804 0.804) (drill 0.5) (layers *.Cu *.Mask))
    (pad 44 thru_hole circle (at 8.89 5.08 90) (size 1.304 1.304) (drill 1) (layers *.Cu *.Mask))
    (pad 43 thru_hole circle (at 11.43 5.08 90) (size 1.304 1.304) (drill 1) (layers *.Cu *.Mask))
    (pad 42 thru_hole circle (at 8.89 2.54 90) (size 1.304 1.304) (drill 1) (layers *.Cu *.Mask))
    (pad 41 thru_hole circle (at 11.43 2.54 90) (size 1.304 1.304) (drill 1) (layers *.Cu *.Mask))
    (pad 40 thru_hole circle (at 8.89 0 90) (size 1.304 1.304) (drill 1) (layers *.Cu *.Mask))
    (pad 39 thru_hole circle (at 11.43 0 90) (size 1.304 1.304) (drill 1) (layers *.Cu *.Mask))
    (pad 38 thru_hole circle (at 8.89 -2.54 90) (size 1.304 1.304) (drill 1) (layers *.Cu *.Mask))
    (pad 37 thru_hole circle (at 11.43 -2.54 90) (size 1.304 1.304) (drill 1) (layers *.Cu *.Mask))
    (pad 36 thru_hole circle (at 8.89 -5.08 90) (size 1.304 1.304) (drill 1) (layers *.Cu *.Mask))
    (pad 35 thru_hole circle (at 11.43 -5.08 90) (size 1.304 1.304) (drill 1) (layers *.Cu *.Mask))
    (pad 2 thru_hole circle (at -13.97 7.62 90) (size 1.404 1.404) (drill 1.1) (layers *.Cu *.Mask)
      (net 44 "Net-(U2-Pad2)"))
    (pad 1 thru_hole circle (at -16.51 7.62 90) (size 1.404 1.404) (drill 1.1) (layers *.Cu *.Mask)
      (net 1 GND))
  )

  (module Capacitor_SMD:C_0805_2012Metric_Pad1.15x1.40mm_HandSolder (layer F.Cu) (tedit 5B36C52B) (tstamp 5D9F9762)
    (at 78.74 48.26 270)
    (descr "Capacitor SMD 0805 (2012 Metric), square (rectangular) end terminal, IPC_7351 nominal with elongated pad for handsoldering. (Body size source: https://docs.google.com/spreadsheets/d/1BsfQQcO9C6DZCsRaXUlFlo91Tg2WpOkGARC1WS5S8t0/edit?usp=sharing), generated with kicad-footprint-generator")
    (tags "capacitor handsolder")
    (path /5DA411D9)
    (attr smd)
    (fp_text reference C1 (at 0 -1.65 90) (layer F.SilkS)
      (effects (font (size 1 1) (thickness 0.15)))
    )
    (fp_text value 1uF (at 0 1.65 90) (layer F.Fab)
      (effects (font (size 1 1) (thickness 0.15)))
    )
    (fp_text user %R (at 0 0 90) (layer F.Fab)
      (effects (font (size 0.5 0.5) (thickness 0.08)))
    )
    (fp_line (start 1.85 0.95) (end -1.85 0.95) (layer F.CrtYd) (width 0.05))
    (fp_line (start 1.85 -0.95) (end 1.85 0.95) (layer F.CrtYd) (width 0.05))
    (fp_line (start -1.85 -0.95) (end 1.85 -0.95) (layer F.CrtYd) (width 0.05))
    (fp_line (start -1.85 0.95) (end -1.85 -0.95) (layer F.CrtYd) (width 0.05))
    (fp_line (start -0.261252 0.71) (end 0.261252 0.71) (layer F.SilkS) (width 0.12))
    (fp_line (start -0.261252 -0.71) (end 0.261252 -0.71) (layer F.SilkS) (width 0.12))
    (fp_line (start 1 0.6) (end -1 0.6) (layer F.Fab) (width 0.1))
    (fp_line (start 1 -0.6) (end 1 0.6) (layer F.Fab) (width 0.1))
    (fp_line (start -1 -0.6) (end 1 -0.6) (layer F.Fab) (width 0.1))
    (fp_line (start -1 0.6) (end -1 -0.6) (layer F.Fab) (width 0.1))
    (pad 2 smd roundrect (at 1.025 0 270) (size 1.15 1.4) (layers F.Cu F.Paste F.Mask) (roundrect_rratio 0.217391)
      (net 1 GND))
    (pad 1 smd roundrect (at -1.025 0 270) (size 1.15 1.4) (layers F.Cu F.Paste F.Mask) (roundrect_rratio 0.217391)
      (net 2 +3V3))
    (model ${KISYS3DMOD}/Capacitor_SMD.3dshapes/C_0805_2012Metric.wrl
      (at (xyz 0 0 0))
      (scale (xyz 1 1 1))
      (rotate (xyz 0 0 0))
    )
  )

  (module Capacitor_SMD:C_0805_2012Metric_Pad1.15x1.40mm_HandSolder (layer F.Cu) (tedit 5B36C52B) (tstamp 5D9F9773)
    (at 78.985 43.18 270)
    (descr "Capacitor SMD 0805 (2012 Metric), square (rectangular) end terminal, IPC_7351 nominal with elongated pad for handsoldering. (Body size source: https://docs.google.com/spreadsheets/d/1BsfQQcO9C6DZCsRaXUlFlo91Tg2WpOkGARC1WS5S8t0/edit?usp=sharing), generated with kicad-footprint-generator")
    (tags "capacitor handsolder")
    (path /5DA421DA)
    (attr smd)
    (fp_text reference C2 (at 0 -1.65 90) (layer F.SilkS)
      (effects (font (size 1 1) (thickness 0.15)))
    )
    (fp_text value 1uF (at 0 1.65 90) (layer F.Fab)
      (effects (font (size 1 1) (thickness 0.15)))
    )
    (fp_text user %R (at 0 0 90) (layer F.Fab)
      (effects (font (size 0.5 0.5) (thickness 0.08)))
    )
    (fp_line (start 1.85 0.95) (end -1.85 0.95) (layer F.CrtYd) (width 0.05))
    (fp_line (start 1.85 -0.95) (end 1.85 0.95) (layer F.CrtYd) (width 0.05))
    (fp_line (start -1.85 -0.95) (end 1.85 -0.95) (layer F.CrtYd) (width 0.05))
    (fp_line (start -1.85 0.95) (end -1.85 -0.95) (layer F.CrtYd) (width 0.05))
    (fp_line (start -0.261252 0.71) (end 0.261252 0.71) (layer F.SilkS) (width 0.12))
    (fp_line (start -0.261252 -0.71) (end 0.261252 -0.71) (layer F.SilkS) (width 0.12))
    (fp_line (start 1 0.6) (end -1 0.6) (layer F.Fab) (width 0.1))
    (fp_line (start 1 -0.6) (end 1 0.6) (layer F.Fab) (width 0.1))
    (fp_line (start -1 -0.6) (end 1 -0.6) (layer F.Fab) (width 0.1))
    (fp_line (start -1 0.6) (end -1 -0.6) (layer F.Fab) (width 0.1))
    (pad 2 smd roundrect (at 1.025 0 270) (size 1.15 1.4) (layers F.Cu F.Paste F.Mask) (roundrect_rratio 0.217391)
      (net 1 GND))
    (pad 1 smd roundrect (at -1.025 0 270) (size 1.15 1.4) (layers F.Cu F.Paste F.Mask) (roundrect_rratio 0.217391)
      (net 3 "Net-(C2-Pad1)"))
    (model ${KISYS3DMOD}/Capacitor_SMD.3dshapes/C_0805_2012Metric.wrl
      (at (xyz 0 0 0))
      (scale (xyz 1 1 1))
      (rotate (xyz 0 0 0))
    )
  )

  (module Capacitor_SMD:C_0805_2012Metric_Pad1.15x1.40mm_HandSolder (layer F.Cu) (tedit 5B36C52B) (tstamp 5D9F9784)
    (at 82.55 48.26 270)
    (descr "Capacitor SMD 0805 (2012 Metric), square (rectangular) end terminal, IPC_7351 nominal with elongated pad for handsoldering. (Body size source: https://docs.google.com/spreadsheets/d/1BsfQQcO9C6DZCsRaXUlFlo91Tg2WpOkGARC1WS5S8t0/edit?usp=sharing), generated with kicad-footprint-generator")
    (tags "capacitor handsolder")
    (path /5DA411DF)
    (attr smd)
    (fp_text reference C3 (at 0 -1.65 90) (layer F.SilkS)
      (effects (font (size 1 1) (thickness 0.15)))
    )
    (fp_text value .1uF (at 0 1.65 90) (layer F.Fab)
      (effects (font (size 1 1) (thickness 0.15)))
    )
    (fp_line (start -1 0.6) (end -1 -0.6) (layer F.Fab) (width 0.1))
    (fp_line (start -1 -0.6) (end 1 -0.6) (layer F.Fab) (width 0.1))
    (fp_line (start 1 -0.6) (end 1 0.6) (layer F.Fab) (width 0.1))
    (fp_line (start 1 0.6) (end -1 0.6) (layer F.Fab) (width 0.1))
    (fp_line (start -0.261252 -0.71) (end 0.261252 -0.71) (layer F.SilkS) (width 0.12))
    (fp_line (start -0.261252 0.71) (end 0.261252 0.71) (layer F.SilkS) (width 0.12))
    (fp_line (start -1.85 0.95) (end -1.85 -0.95) (layer F.CrtYd) (width 0.05))
    (fp_line (start -1.85 -0.95) (end 1.85 -0.95) (layer F.CrtYd) (width 0.05))
    (fp_line (start 1.85 -0.95) (end 1.85 0.95) (layer F.CrtYd) (width 0.05))
    (fp_line (start 1.85 0.95) (end -1.85 0.95) (layer F.CrtYd) (width 0.05))
    (fp_text user %R (at 0 0 90) (layer F.Fab)
      (effects (font (size 0.5 0.5) (thickness 0.08)))
    )
    (pad 1 smd roundrect (at -1.025 0 270) (size 1.15 1.4) (layers F.Cu F.Paste F.Mask) (roundrect_rratio 0.217391)
      (net 2 +3V3))
    (pad 2 smd roundrect (at 1.025 0 270) (size 1.15 1.4) (layers F.Cu F.Paste F.Mask) (roundrect_rratio 0.217391)
      (net 1 GND))
    (model ${KISYS3DMOD}/Capacitor_SMD.3dshapes/C_0805_2012Metric.wrl
      (at (xyz 0 0 0))
      (scale (xyz 1 1 1))
      (rotate (xyz 0 0 0))
    )
  )

  (module Capacitor_SMD:C_0805_2012Metric_Pad1.15x1.40mm_HandSolder (layer F.Cu) (tedit 5B36C52B) (tstamp 5D9F9795)
    (at 82.55 43.18 270)
    (descr "Capacitor SMD 0805 (2012 Metric), square (rectangular) end terminal, IPC_7351 nominal with elongated pad for handsoldering. (Body size source: https://docs.google.com/spreadsheets/d/1BsfQQcO9C6DZCsRaXUlFlo91Tg2WpOkGARC1WS5S8t0/edit?usp=sharing), generated with kicad-footprint-generator")
    (tags "capacitor handsolder")
    (path /5DA421E0)
    (attr smd)
    (fp_text reference C4 (at 0 -1.65 90) (layer F.SilkS)
      (effects (font (size 1 1) (thickness 0.15)))
    )
    (fp_text value .1uF (at 0 1.65 90) (layer F.Fab)
      (effects (font (size 1 1) (thickness 0.15)))
    )
    (fp_line (start -1 0.6) (end -1 -0.6) (layer F.Fab) (width 0.1))
    (fp_line (start -1 -0.6) (end 1 -0.6) (layer F.Fab) (width 0.1))
    (fp_line (start 1 -0.6) (end 1 0.6) (layer F.Fab) (width 0.1))
    (fp_line (start 1 0.6) (end -1 0.6) (layer F.Fab) (width 0.1))
    (fp_line (start -0.261252 -0.71) (end 0.261252 -0.71) (layer F.SilkS) (width 0.12))
    (fp_line (start -0.261252 0.71) (end 0.261252 0.71) (layer F.SilkS) (width 0.12))
    (fp_line (start -1.85 0.95) (end -1.85 -0.95) (layer F.CrtYd) (width 0.05))
    (fp_line (start -1.85 -0.95) (end 1.85 -0.95) (layer F.CrtYd) (width 0.05))
    (fp_line (start 1.85 -0.95) (end 1.85 0.95) (layer F.CrtYd) (width 0.05))
    (fp_line (start 1.85 0.95) (end -1.85 0.95) (layer F.CrtYd) (width 0.05))
    (fp_text user %R (at 0 0 90) (layer F.Fab)
      (effects (font (size 0.5 0.5) (thickness 0.08)))
    )
    (pad 1 smd roundrect (at -1.025 0 270) (size 1.15 1.4) (layers F.Cu F.Paste F.Mask) (roundrect_rratio 0.217391)
      (net 3 "Net-(C2-Pad1)"))
    (pad 2 smd roundrect (at 1.025 0 270) (size 1.15 1.4) (layers F.Cu F.Paste F.Mask) (roundrect_rratio 0.217391)
      (net 1 GND))
    (model ${KISYS3DMOD}/Capacitor_SMD.3dshapes/C_0805_2012Metric.wrl
      (at (xyz 0 0 0))
      (scale (xyz 1 1 1))
      (rotate (xyz 0 0 0))
    )
  )

  (module Capacitor_SMD:C_0805_2012Metric_Pad1.15x1.40mm_HandSolder (layer F.Cu) (tedit 5B36C52B) (tstamp 5D9F97A6)
    (at 99.06 48.505 270)
    (descr "Capacitor SMD 0805 (2012 Metric), square (rectangular) end terminal, IPC_7351 nominal with elongated pad for handsoldering. (Body size source: https://docs.google.com/spreadsheets/d/1BsfQQcO9C6DZCsRaXUlFlo91Tg2WpOkGARC1WS5S8t0/edit?usp=sharing), generated with kicad-footprint-generator")
    (tags "capacitor handsolder")
    (path /5D9E9020)
    (attr smd)
    (fp_text reference C5 (at 0 -1.65 90) (layer F.SilkS)
      (effects (font (size 1 1) (thickness 0.15)))
    )
    (fp_text value 1uF (at 0 1.65 90) (layer F.Fab)
      (effects (font (size 1 1) (thickness 0.15)))
    )
    (fp_line (start -1 0.6) (end -1 -0.6) (layer F.Fab) (width 0.1))
    (fp_line (start -1 -0.6) (end 1 -0.6) (layer F.Fab) (width 0.1))
    (fp_line (start 1 -0.6) (end 1 0.6) (layer F.Fab) (width 0.1))
    (fp_line (start 1 0.6) (end -1 0.6) (layer F.Fab) (width 0.1))
    (fp_line (start -0.261252 -0.71) (end 0.261252 -0.71) (layer F.SilkS) (width 0.12))
    (fp_line (start -0.261252 0.71) (end 0.261252 0.71) (layer F.SilkS) (width 0.12))
    (fp_line (start -1.85 0.95) (end -1.85 -0.95) (layer F.CrtYd) (width 0.05))
    (fp_line (start -1.85 -0.95) (end 1.85 -0.95) (layer F.CrtYd) (width 0.05))
    (fp_line (start 1.85 -0.95) (end 1.85 0.95) (layer F.CrtYd) (width 0.05))
    (fp_line (start 1.85 0.95) (end -1.85 0.95) (layer F.CrtYd) (width 0.05))
    (fp_text user %R (at 0 0 90) (layer F.Fab)
      (effects (font (size 0.5 0.5) (thickness 0.08)))
    )
    (pad 1 smd roundrect (at -1.025 0 270) (size 1.15 1.4) (layers F.Cu F.Paste F.Mask) (roundrect_rratio 0.217391)
      (net 1 GND))
    (pad 2 smd roundrect (at 1.025 0 270) (size 1.15 1.4) (layers F.Cu F.Paste F.Mask) (roundrect_rratio 0.217391)
      (net 2 +3V3))
    (model ${KISYS3DMOD}/Capacitor_SMD.3dshapes/C_0805_2012Metric.wrl
      (at (xyz 0 0 0))
      (scale (xyz 1 1 1))
      (rotate (xyz 0 0 0))
    )
  )

  (module Capacitor_SMD:C_0805_2012Metric_Pad1.15x1.40mm_HandSolder (layer F.Cu) (tedit 5B36C52B) (tstamp 5D9F97B7)
    (at 95.25 48.505 270)
    (descr "Capacitor SMD 0805 (2012 Metric), square (rectangular) end terminal, IPC_7351 nominal with elongated pad for handsoldering. (Body size source: https://docs.google.com/spreadsheets/d/1BsfQQcO9C6DZCsRaXUlFlo91Tg2WpOkGARC1WS5S8t0/edit?usp=sharing), generated with kicad-footprint-generator")
    (tags "capacitor handsolder")
    (path /5D9EEC4E)
    (attr smd)
    (fp_text reference C6 (at 0 -1.65 90) (layer F.SilkS)
      (effects (font (size 1 1) (thickness 0.15)))
    )
    (fp_text value .1uF (at 0 1.65 90) (layer F.Fab)
      (effects (font (size 1 1) (thickness 0.15)))
    )
    (fp_text user %R (at 0 0 90) (layer F.Fab)
      (effects (font (size 0.5 0.5) (thickness 0.08)))
    )
    (fp_line (start 1.85 0.95) (end -1.85 0.95) (layer F.CrtYd) (width 0.05))
    (fp_line (start 1.85 -0.95) (end 1.85 0.95) (layer F.CrtYd) (width 0.05))
    (fp_line (start -1.85 -0.95) (end 1.85 -0.95) (layer F.CrtYd) (width 0.05))
    (fp_line (start -1.85 0.95) (end -1.85 -0.95) (layer F.CrtYd) (width 0.05))
    (fp_line (start -0.261252 0.71) (end 0.261252 0.71) (layer F.SilkS) (width 0.12))
    (fp_line (start -0.261252 -0.71) (end 0.261252 -0.71) (layer F.SilkS) (width 0.12))
    (fp_line (start 1 0.6) (end -1 0.6) (layer F.Fab) (width 0.1))
    (fp_line (start 1 -0.6) (end 1 0.6) (layer F.Fab) (width 0.1))
    (fp_line (start -1 -0.6) (end 1 -0.6) (layer F.Fab) (width 0.1))
    (fp_line (start -1 0.6) (end -1 -0.6) (layer F.Fab) (width 0.1))
    (pad 2 smd roundrect (at 1.025 0 270) (size 1.15 1.4) (layers F.Cu F.Paste F.Mask) (roundrect_rratio 0.217391)
      (net 2 +3V3))
    (pad 1 smd roundrect (at -1.025 0 270) (size 1.15 1.4) (layers F.Cu F.Paste F.Mask) (roundrect_rratio 0.217391)
      (net 1 GND))
    (model ${KISYS3DMOD}/Capacitor_SMD.3dshapes/C_0805_2012Metric.wrl
      (at (xyz 0 0 0))
      (scale (xyz 1 1 1))
      (rotate (xyz 0 0 0))
    )
  )

  (module Capacitor_SMD:C_0805_2012Metric_Pad1.15x1.40mm_HandSolder (layer F.Cu) (tedit 5B36C52B) (tstamp 5D9F97C8)
    (at 99.06 43.18 270)
    (descr "Capacitor SMD 0805 (2012 Metric), square (rectangular) end terminal, IPC_7351 nominal with elongated pad for handsoldering. (Body size source: https://docs.google.com/spreadsheets/d/1BsfQQcO9C6DZCsRaXUlFlo91Tg2WpOkGARC1WS5S8t0/edit?usp=sharing), generated with kicad-footprint-generator")
    (tags "capacitor handsolder")
    (path /5D9F11B4)
    (attr smd)
    (fp_text reference C7 (at 0 -1.65 90) (layer F.SilkS)
      (effects (font (size 1 1) (thickness 0.15)))
    )
    (fp_text value 1uF (at 0 1.65 90) (layer F.Fab)
      (effects (font (size 1 1) (thickness 0.15)))
    )
    (fp_line (start -1 0.6) (end -1 -0.6) (layer F.Fab) (width 0.1))
    (fp_line (start -1 -0.6) (end 1 -0.6) (layer F.Fab) (width 0.1))
    (fp_line (start 1 -0.6) (end 1 0.6) (layer F.Fab) (width 0.1))
    (fp_line (start 1 0.6) (end -1 0.6) (layer F.Fab) (width 0.1))
    (fp_line (start -0.261252 -0.71) (end 0.261252 -0.71) (layer F.SilkS) (width 0.12))
    (fp_line (start -0.261252 0.71) (end 0.261252 0.71) (layer F.SilkS) (width 0.12))
    (fp_line (start -1.85 0.95) (end -1.85 -0.95) (layer F.CrtYd) (width 0.05))
    (fp_line (start -1.85 -0.95) (end 1.85 -0.95) (layer F.CrtYd) (width 0.05))
    (fp_line (start 1.85 -0.95) (end 1.85 0.95) (layer F.CrtYd) (width 0.05))
    (fp_line (start 1.85 0.95) (end -1.85 0.95) (layer F.CrtYd) (width 0.05))
    (fp_text user %R (at 0 0 90) (layer F.Fab)
      (effects (font (size 0.5 0.5) (thickness 0.08)))
    )
    (pad 1 smd roundrect (at -1.025 0 270) (size 1.15 1.4) (layers F.Cu F.Paste F.Mask) (roundrect_rratio 0.217391)
      (net 4 "Net-(C7-Pad1)"))
    (pad 2 smd roundrect (at 1.025 0 270) (size 1.15 1.4) (layers F.Cu F.Paste F.Mask) (roundrect_rratio 0.217391)
      (net 1 GND))
    (model ${KISYS3DMOD}/Capacitor_SMD.3dshapes/C_0805_2012Metric.wrl
      (at (xyz 0 0 0))
      (scale (xyz 1 1 1))
      (rotate (xyz 0 0 0))
    )
  )

  (module Capacitor_SMD:C_0805_2012Metric_Pad1.15x1.40mm_HandSolder (layer F.Cu) (tedit 5B36C52B) (tstamp 5D9F97D9)
    (at 95.25 43.18 270)
    (descr "Capacitor SMD 0805 (2012 Metric), square (rectangular) end terminal, IPC_7351 nominal with elongated pad for handsoldering. (Body size source: https://docs.google.com/spreadsheets/d/1BsfQQcO9C6DZCsRaXUlFlo91Tg2WpOkGARC1WS5S8t0/edit?usp=sharing), generated with kicad-footprint-generator")
    (tags "capacitor handsolder")
    (path /5D9F11BA)
    (attr smd)
    (fp_text reference C8 (at 0 -1.65 90) (layer F.SilkS)
      (effects (font (size 1 1) (thickness 0.15)))
    )
    (fp_text value .1uF (at 0 1.65 90) (layer F.Fab)
      (effects (font (size 1 1) (thickness 0.15)))
    )
    (fp_text user %R (at 0 0 90) (layer F.Fab)
      (effects (font (size 0.5 0.5) (thickness 0.08)))
    )
    (fp_line (start 1.85 0.95) (end -1.85 0.95) (layer F.CrtYd) (width 0.05))
    (fp_line (start 1.85 -0.95) (end 1.85 0.95) (layer F.CrtYd) (width 0.05))
    (fp_line (start -1.85 -0.95) (end 1.85 -0.95) (layer F.CrtYd) (width 0.05))
    (fp_line (start -1.85 0.95) (end -1.85 -0.95) (layer F.CrtYd) (width 0.05))
    (fp_line (start -0.261252 0.71) (end 0.261252 0.71) (layer F.SilkS) (width 0.12))
    (fp_line (start -0.261252 -0.71) (end 0.261252 -0.71) (layer F.SilkS) (width 0.12))
    (fp_line (start 1 0.6) (end -1 0.6) (layer F.Fab) (width 0.1))
    (fp_line (start 1 -0.6) (end 1 0.6) (layer F.Fab) (width 0.1))
    (fp_line (start -1 -0.6) (end 1 -0.6) (layer F.Fab) (width 0.1))
    (fp_line (start -1 0.6) (end -1 -0.6) (layer F.Fab) (width 0.1))
    (pad 2 smd roundrect (at 1.025 0 270) (size 1.15 1.4) (layers F.Cu F.Paste F.Mask) (roundrect_rratio 0.217391)
      (net 1 GND))
    (pad 1 smd roundrect (at -1.025 0 270) (size 1.15 1.4) (layers F.Cu F.Paste F.Mask) (roundrect_rratio 0.217391)
      (net 4 "Net-(C7-Pad1)"))
    (model ${KISYS3DMOD}/Capacitor_SMD.3dshapes/C_0805_2012Metric.wrl
      (at (xyz 0 0 0))
      (scale (xyz 1 1 1))
      (rotate (xyz 0 0 0))
    )
  )

  (module Capacitor_SMD:C_0805_2012Metric_Pad1.15x1.40mm_HandSolder (layer F.Cu) (tedit 5B36C52B) (tstamp 5D9F97EA)
    (at 92.193 62.611)
    (descr "Capacitor SMD 0805 (2012 Metric), square (rectangular) end terminal, IPC_7351 nominal with elongated pad for handsoldering. (Body size source: https://docs.google.com/spreadsheets/d/1BsfQQcO9C6DZCsRaXUlFlo91Tg2WpOkGARC1WS5S8t0/edit?usp=sharing), generated with kicad-footprint-generator")
    (tags "capacitor handsolder")
    (path /5DA5FC43)
    (attr smd)
    (fp_text reference C9 (at -3.02514 0.023423) (layer F.SilkS)
      (effects (font (size 1 1) (thickness 0.15)))
    )
    (fp_text value 100nF (at 0 1.65) (layer F.Fab)
      (effects (font (size 1 1) (thickness 0.15)))
    )
    (fp_line (start -1 0.6) (end -1 -0.6) (layer F.Fab) (width 0.1))
    (fp_line (start -1 -0.6) (end 1 -0.6) (layer F.Fab) (width 0.1))
    (fp_line (start 1 -0.6) (end 1 0.6) (layer F.Fab) (width 0.1))
    (fp_line (start 1 0.6) (end -1 0.6) (layer F.Fab) (width 0.1))
    (fp_line (start -0.261252 -0.71) (end 0.261252 -0.71) (layer F.SilkS) (width 0.12))
    (fp_line (start -0.261252 0.71) (end 0.261252 0.71) (layer F.SilkS) (width 0.12))
    (fp_line (start -1.85 0.95) (end -1.85 -0.95) (layer F.CrtYd) (width 0.05))
    (fp_line (start -1.85 -0.95) (end 1.85 -0.95) (layer F.CrtYd) (width 0.05))
    (fp_line (start 1.85 -0.95) (end 1.85 0.95) (layer F.CrtYd) (width 0.05))
    (fp_line (start 1.85 0.95) (end -1.85 0.95) (layer F.CrtYd) (width 0.05))
    (fp_text user %R (at 0 0) (layer F.Fab)
      (effects (font (size 0.5 0.5) (thickness 0.08)))
    )
    (pad 1 smd roundrect (at -1.025 0) (size 1.15 1.4) (layers F.Cu F.Paste F.Mask) (roundrect_rratio 0.217391)
      (net 2 +3V3))
    (pad 2 smd roundrect (at 1.025 0) (size 1.15 1.4) (layers F.Cu F.Paste F.Mask) (roundrect_rratio 0.217391)
      (net 1 GND))
    (model ${KISYS3DMOD}/Capacitor_SMD.3dshapes/C_0805_2012Metric.wrl
      (at (xyz 0 0 0))
      (scale (xyz 1 1 1))
      (rotate (xyz 0 0 0))
    )
  )

  (module LED_SMD:LED_1206_3216Metric_Pad1.42x1.75mm_HandSolder (layer F.Cu) (tedit 5B4B45C9) (tstamp 5D9F97FD)
    (at 60.706 73.279)
    (descr "LED SMD 1206 (3216 Metric), square (rectangular) end terminal, IPC_7351 nominal, (Body size source: http://www.tortai-tech.com/upload/download/2011102023233369053.pdf), generated with kicad-footprint-generator")
    (tags "LED handsolder")
    (path /5DB6E39B)
    (attr smd)
    (fp_text reference D1 (at 0 -1.82) (layer F.SilkS)
      (effects (font (size 1 1) (thickness 0.15)))
    )
    (fp_text value LED (at 0 1.82) (layer F.Fab)
      (effects (font (size 1 1) (thickness 0.15)))
    )
    (fp_text user %R (at 0 0) (layer F.Fab)
      (effects (font (size 0.8 0.8) (thickness 0.12)))
    )
    (fp_line (start 2.45 1.12) (end -2.45 1.12) (layer F.CrtYd) (width 0.05))
    (fp_line (start 2.45 -1.12) (end 2.45 1.12) (layer F.CrtYd) (width 0.05))
    (fp_line (start -2.45 -1.12) (end 2.45 -1.12) (layer F.CrtYd) (width 0.05))
    (fp_line (start -2.45 1.12) (end -2.45 -1.12) (layer F.CrtYd) (width 0.05))
    (fp_line (start -2.46 1.135) (end 1.6 1.135) (layer F.SilkS) (width 0.12))
    (fp_line (start -2.46 -1.135) (end -2.46 1.135) (layer F.SilkS) (width 0.12))
    (fp_line (start 1.6 -1.135) (end -2.46 -1.135) (layer F.SilkS) (width 0.12))
    (fp_line (start 1.6 0.8) (end 1.6 -0.8) (layer F.Fab) (width 0.1))
    (fp_line (start -1.6 0.8) (end 1.6 0.8) (layer F.Fab) (width 0.1))
    (fp_line (start -1.6 -0.4) (end -1.6 0.8) (layer F.Fab) (width 0.1))
    (fp_line (start -1.2 -0.8) (end -1.6 -0.4) (layer F.Fab) (width 0.1))
    (fp_line (start 1.6 -0.8) (end -1.2 -0.8) (layer F.Fab) (width 0.1))
    (pad 2 smd roundrect (at 1.4875 0) (size 1.425 1.75) (layers F.Cu F.Paste F.Mask) (roundrect_rratio 0.175439)
      (net 6 "Net-(D1-Pad2)"))
    (pad 1 smd roundrect (at -1.4875 0) (size 1.425 1.75) (layers F.Cu F.Paste F.Mask) (roundrect_rratio 0.175439)
      (net 7 "Net-(D1-Pad1)"))
    (model ${KISYS3DMOD}/LED_SMD.3dshapes/LED_1206_3216Metric.wrl
      (at (xyz 0 0 0))
      (scale (xyz 1 1 1))
      (rotate (xyz 0 0 0))
    )
  )

  (module LED_SMD:LED_1206_3216Metric_Pad1.42x1.75mm_HandSolder (layer F.Cu) (tedit 5B4B45C9) (tstamp 5D9F9810)
    (at 63.2825 77.216)
    (descr "LED SMD 1206 (3216 Metric), square (rectangular) end terminal, IPC_7351 nominal, (Body size source: http://www.tortai-tech.com/upload/download/2011102023233369053.pdf), generated with kicad-footprint-generator")
    (tags "LED handsolder")
    (path /5DB6A3D8)
    (attr smd)
    (fp_text reference D2 (at 0 -1.82) (layer F.SilkS)
      (effects (font (size 1 1) (thickness 0.15)))
    )
    (fp_text value LED (at 0 1.82) (layer F.Fab)
      (effects (font (size 1 1) (thickness 0.15)))
    )
    (fp_line (start 1.6 -0.8) (end -1.2 -0.8) (layer F.Fab) (width 0.1))
    (fp_line (start -1.2 -0.8) (end -1.6 -0.4) (layer F.Fab) (width 0.1))
    (fp_line (start -1.6 -0.4) (end -1.6 0.8) (layer F.Fab) (width 0.1))
    (fp_line (start -1.6 0.8) (end 1.6 0.8) (layer F.Fab) (width 0.1))
    (fp_line (start 1.6 0.8) (end 1.6 -0.8) (layer F.Fab) (width 0.1))
    (fp_line (start 1.6 -1.135) (end -2.46 -1.135) (layer F.SilkS) (width 0.12))
    (fp_line (start -2.46 -1.135) (end -2.46 1.135) (layer F.SilkS) (width 0.12))
    (fp_line (start -2.46 1.135) (end 1.6 1.135) (layer F.SilkS) (width 0.12))
    (fp_line (start -2.45 1.12) (end -2.45 -1.12) (layer F.CrtYd) (width 0.05))
    (fp_line (start -2.45 -1.12) (end 2.45 -1.12) (layer F.CrtYd) (width 0.05))
    (fp_line (start 2.45 -1.12) (end 2.45 1.12) (layer F.CrtYd) (width 0.05))
    (fp_line (start 2.45 1.12) (end -2.45 1.12) (layer F.CrtYd) (width 0.05))
    (fp_text user %R (at 0 0) (layer F.Fab)
      (effects (font (size 0.8 0.8) (thickness 0.12)))
    )
    (pad 1 smd roundrect (at -1.4875 0) (size 1.425 1.75) (layers F.Cu F.Paste F.Mask) (roundrect_rratio 0.175439)
      (net 8 "Net-(D2-Pad1)"))
    (pad 2 smd roundrect (at 1.4875 0) (size 1.425 1.75) (layers F.Cu F.Paste F.Mask) (roundrect_rratio 0.175439)
      (net 9 "Net-(D2-Pad2)"))
    (model ${KISYS3DMOD}/LED_SMD.3dshapes/LED_1206_3216Metric.wrl
      (at (xyz 0 0 0))
      (scale (xyz 1 1 1))
      (rotate (xyz 0 0 0))
    )
  )

  (module LED_SMD:LED_1206_3216Metric_Pad1.42x1.75mm_HandSolder (layer F.Cu) (tedit 5B4B45C9) (tstamp 5D9F9823)
    (at 60.6695 81.026)
    (descr "LED SMD 1206 (3216 Metric), square (rectangular) end terminal, IPC_7351 nominal, (Body size source: http://www.tortai-tech.com/upload/download/2011102023233369053.pdf), generated with kicad-footprint-generator")
    (tags "LED handsolder")
    (path /5DB43303)
    (attr smd)
    (fp_text reference D3 (at 0 -1.82) (layer F.SilkS)
      (effects (font (size 1 1) (thickness 0.15)))
    )
    (fp_text value LED (at 0 1.82) (layer F.Fab)
